person 330 410 485 665
person 0 309 327 682
person 231 189 250 233
person 295 105 316 153
person 320 115 343 155
person 329 295 364 347
person 346 242 370 290
person 415 492 647 682
person 451 159 470 197
person 475 271 500 308
person 503 51 529 93
person 567 319 599 354
person 590 217 625 244
person 605 317 632 354
person 606 154 627 192
person 635 159 656 192
person 663 210 688 261
person 669 261 688 311
person 670 319 694 356
person 693 253 724 292
person 709 60 730 105
person 783 278 808 319
person 804 122 837 158
person 901 324 929 358
person 942 220 971 258
car 0 413 306 535
car 469 415 870 540
car 707 397 975 524
