person 502 527 595 798
person 21 519 75 765
person 131 525 192 787
person 203 354 250 416
person 250 380 310 486
person 275 453 364 560
person 314 535 413 781
person 347 399 385 488
person 378 420 416 473
person 378 459 422 533
person 385 329 422 393
person 403 546 453 748
person 420 399 463 467
person 459 397 496 480
person 465 519 527 721
person 546 420 576 459
person 556 525 607 698
person 583 393 618 467
person 608 533 682 740
person 618 393 671 457
person 663 399 696 445
person 678 478 733 705
person 698 393 738 453
person 705 473 771 698
person 762 480 804 682
person 797 467 828 599
person 837 509 890 686
person 845 527 930 752
person 917 535 948 645
person 934 546 1000 761
car 77 471 387 758
