car 0 427 178 535
person 86 393 102 439
person 106 396 119 441
person 122 397 130 439
person 130 395 142 441
person 141 389 153 429
person 150 392 160 425
person 176 381 262 676
person 263 396 277 417
person 295 401 306 416
person 315 399 325 417
person 322 403 335 427
person 349 398 365 455
person 381 406 403 463
person 391 407 413 463
person 405 394 415 451
person 416 399 429 451
person 431 395 454 451
person 451 392 463 450
person 465 399 483 451
person 483 396 495 450
person 977 397 995 431
person 989 401 1023 520
person 993 406 1003 428
car 0 413 80 456
car 83 415 309 491
car 263 415 363 469
car 578 407 708 456
car 713 422 733 446
car 913 404 967 438
