person 960 522 1010 619
person 0 340 17 370
person 0 328 16 342
person 19 341 39 370
person 34 333 48 370
person 60 336 79 365
person 81 333 106 368
person 113 336 127 350
person 113 338 127 367
person 134 341 145 371
person 144 343 158 367
person 152 345 168 368
person 168 338 184 370
person 185 341 203 372
person 210 399 244 418
person 224 343 239 371
person 225 183 244 204
person 228 252 239 279
person 233 257 254 286
person 249 187 265 204
person 249 377 265 388
person 259 454 307 554
person 296 454 341 554
person 321 260 338 285
person 325 185 339 207
person 332 448 368 551
person 358 195 370 207
person 378 448 418 552
person 399 477 563 619
person 438 442 480 502
person 459 272 467 281
person 472 273 476 282
person 478 265 487 283
person 485 263 504 282
person 501 263 512 282
person 506 267 523 286
person 525 265 535 285
person 543 269 559 285
person 606 454 652 551
person 627 387 659 407
person 627 537 695 595
person 669 451 714 548
person 693 513 746 577
person 743 491 934 619
person 779 484 814 520
person 858 457 905 512
person 903 457 940 530
person 988 456 1023 554
car 71 318 101 340
car 74 338 110 354
car 108 310 174 341
car 119 389 330 456
car 161 370 341 414
car 179 325 210 355
car 547 381 729 439
car 611 395 820 460
car 935 326 979 342
car 967 329 1004 343
