car 878 349 1004 424
person 0 368 4 398
person 9 368 24 405
person 18 362 29 393
person 56 379 127 589
person 65 363 80 389
person 142 376 160 438
person 158 370 184 433
person 224 372 258 419
person 265 368 298 498
person 278 368 318 499
person 380 363 387 408
person 385 370 425 423
person 475 363 494 410
person 623 363 630 388
person 631 363 644 393
person 648 362 666 405
person 714 363 744 409
person 791 362 819 414
person 863 358 881 393
person 968 362 1019 429
car 318 370 359 399
