person 19 449 37 475
person 55 530 71 576
person 84 525 94 546
person 121 496 141 542
person 241 421 250 452
person 275 311 289 332
person 284 426 296 462
person 302 366 311 389
person 316 635 334 675
person 329 650 346 705
person 346 647 368 696
person 455 483 468 515
person 464 343 470 368
person 483 452 498 473
person 496 318 510 344
person 528 335 540 355
person 531 358 543 385
person 545 307 554 325
person 556 332 568 356
person 565 332 577 362
person 572 309 583 332
person 579 335 584 359
person 579 489 595 519
person 584 311 593 330
person 586 455 596 485
person 595 523 607 565
person 607 522 622 566
person 608 323 620 341
person 612 508 625 534
person 631 589 657 627
person 632 423 642 441
person 643 657 663 696
person 670 517 681 552
person 673 593 694 634
person 674 529 688 574
person 686 520 695 565
person 687 343 694 357
person 696 346 707 372
person 696 453 708 488
person 716 634 736 691
person 718 458 731 495
person 741 474 755 513
person 756 341 769 367
person 760 515 771 558
person 766 372 776 395
person 772 343 785 375
person 778 357 793 385
person 778 410 798 447
person 781 624 800 678
person 785 385 801 407
person 816 551 827 600
person 822 359 837 388
person 826 384 838 414
person 834 561 844 597
person 835 586 853 632
person 848 564 865 608
person 855 579 871 630
person 858 492 879 515
person 863 586 883 637
person 870 449 884 490
person 879 460 891 494
person 891 460 904 488
person 891 483 904 510
person 896 414 912 448
person 910 629 926 684
person 911 485 928 517
person 919 421 935 456
person 921 643 942 695
person 929 434 945 468
person 949 437 962 471
person 977 626 994 679
car 0 282 49 303
car 257 208 282 232
car 277 229 307 258
car 302 218 326 240
car 314 186 331 208
car 322 209 343 218
car 331 185 346 202
car 341 179 355 197
car 366 185 384 204
car 502 197 518 211
car 548 218 560 234
car 558 131 564 138
car 558 158 568 168
car 623 298 685 325
car 637 301 699 325
car 637 308 705 342
car 695 295 750 322
car 704 320 759 342
car 709 325 778 355
