person 0 300 41 360
person 24 269 70 364
person 71 241 112 367
person 104 291 160 424
person 188 292 235 369
person 220 248 248 354
person 231 273 276 362
person 246 236 284 348
person 300 199 351 255
person 305 273 334 333
person 451 264 504 391
person 469 270 508 362
person 504 294 562 429
person 513 276 556 317
person 541 130 570 170
person 547 352 596 466
person 556 273 602 358
person 587 490 632 517
person 599 275 622 316
person 611 276 655 323
person 622 305 670 371
person 654 269 680 342
person 698 167 743 210
person 748 310 802 422
person 751 179 767 202
person 753 130 796 197
person 769 152 815 211
person 776 287 823 351
person 784 351 836 474
person 837 307 899 372
person 855 176 890 213
person 885 158 912 202
person 886 327 962 425
car 159 346 547 456
car 378 467 832 549
car 867 406 1023 531
