person 0 391 7 417
person 13 380 41 423
person 23 408 133 580
person 43 387 59 409
person 244 413 260 450
person 255 396 277 450
person 288 413 403 647
person 300 389 316 415
person 352 409 484 664
person 559 377 567 397
person 586 379 612 401
person 687 376 700 397
person 803 375 823 403
person 873 388 910 498
person 978 381 1023 569
car 0 416 158 517
car 11 395 175 478
car 288 390 405 448
car 391 389 479 436
car 462 386 514 427
car 616 379 715 444
car 708 383 731 399
car 722 375 774 420
