person 552 555 624 685
car 366 324 614 466
person 7 611 99 695
person 49 329 86 435
person 161 635 255 695
person 181 213 191 275
person 187 275 212 360
person 187 284 230 373
person 261 606 353 695
person 275 372 327 515
person 277 263 314 297
person 323 300 351 391
person 327 371 375 495
person 357 628 428 695
person 377 284 411 331
person 398 329 436 436
person 421 616 516 695
person 436 339 469 445
person 502 604 568 695
person 606 517 679 695
person 666 494 736 667
person 678 340 709 394
person 708 405 759 567
person 800 445 880 600
person 844 355 880 409
person 958 498 1023 662
person 973 626 1023 695
car 192 279 360 377
car 648 384 1012 556
