person 0 277 13 319
person 0 338 43 630
person 58 288 79 331
person 119 274 204 527
person 218 258 311 524
person 284 299 302 354
person 299 295 328 365
person 345 291 388 413
person 420 292 475 420
person 490 260 643 682
person 924 139 950 167
person 950 312 1023 422
person 958 131 986 162
person 988 320 1023 410
car 3 313 42 325
car 3 312 46 341
car 3 294 47 328
car 16 286 79 320
car 178 296 194 320
car 287 296 313 315
car 309 294 383 358
car 464 303 680 391
car 599 331 1023 682
