person 561 241 657 496
person 76 258 104 366
person 132 251 158 294
person 176 244 201 281
person 182 258 218 293
person 224 180 237 227
person 240 257 267 316
person 267 243 300 316
person 348 256 376 345
person 393 251 418 340
person 421 248 455 337
person 449 247 476 340
person 481 255 504 341
person 494 240 513 313
person 517 253 527 312
person 524 244 541 316
person 540 251 557 313
person 640 249 661 278
person 646 231 721 273
person 725 251 748 276
person 751 230 784 286
person 789 246 822 296
person 796 134 894 477
person 902 150 997 455
person 965 214 1020 380
car 520 268 838 370
