car 890 429 1022 549
person 223 465 233 527
person 260 427 647 551
person 266 435 326 544
person 335 464 343 487
person 347 462 356 486
person 356 464 364 487
person 433 457 451 492
person 451 455 465 487
person 461 457 470 487
person 478 451 488 489
person 483 451 496 492
person 703 417 740 499
person 753 417 782 502
person 798 415 830 517
person 826 417 847 512
person 843 416 872 499
person 946 389 986 458
person 995 398 1016 430
person 1009 403 1023 424
car 53 472 103 520
