person 920 17 1013 165
person 0 0 56 403
person 12 0 92 83
person 28 8 128 378
person 136 72 165 113
person 154 51 230 190
person 209 46 256 266
person 211 79 256 200
person 267 81 298 204
person 284 56 334 186
person 314 53 363 151
person 350 30 424 138
person 427 48 482 128
person 430 193 486 256
person 472 40 561 130
person 540 185 628 266
person 547 44 609 101
person 607 12 700 96
person 700 45 755 99
person 755 0 823 106
person 763 140 821 210
person 802 4 878 130
person 889 46 944 136
person 981 29 1023 159
car 48 129 815 574
car 105 103 241 302
car 417 96 1006 466
