person 26 212 115 512
car 574 286 1011 626
person 318 257 454 607
person 440 241 663 658
person 451 262 521 466
person 577 278 596 328
person 588 260 596 280
person 592 267 615 353
person 618 269 631 344
person 624 271 673 373
person 648 273 663 314
person 659 273 684 357
person 677 269 702 351
person 694 261 723 343
person 716 267 734 341
person 721 273 753 335
person 745 260 775 307
person 772 272 792 309
person 776 252 787 273
person 792 265 814 303
person 804 264 840 304
