person 0 151 35 247
person 26 119 55 194
person 34 159 93 326
person 54 128 102 210
person 55 117 73 153
person 96 165 129 197
person 118 192 168 290
person 159 237 200 331
person 169 202 219 293
person 438 226 480 285
person 478 369 600 565
person 639 212 682 275
person 664 251 755 474
person 685 207 724 256
person 721 216 740 251
person 740 180 771 276
person 816 213 874 352
person 855 256 950 499
person 931 238 956 296
person 931 235 986 313
person 976 220 1019 300
car 0 120 11 149
car 0 98 24 126
car 0 109 72 150
car 31 99 73 121
car 74 110 93 150
