person 141 341 177 378
person 185 337 222 410
person 251 344 289 503
person 268 336 314 503
person 288 341 355 501
person 316 360 374 501
person 348 334 432 520
person 385 344 453 517
person 436 360 499 510
person 452 364 522 515
person 485 366 552 527
person 534 354 602 536
person 591 341 657 543
person 596 379 682 563
person 665 351 755 556
person 666 354 752 560
person 727 373 787 540
person 737 380 824 552
person 787 392 895 559
person 791 388 835 542
person 878 395 933 585
person 881 374 956 571
person 936 405 1023 563
person 961 404 1023 576
car 0 371 228 547
car 0 323 229 463
car 217 687 852 767
