car 360 232 597 314
person 37 223 78 320
person 145 199 171 267
person 155 209 177 280
person 162 182 186 209
person 177 207 206 287
person 200 234 222 284
person 234 199 263 270
person 261 211 293 289
person 293 182 316 247
person 303 244 330 320
person 315 184 334 244
person 340 205 372 255
person 346 236 373 320
person 376 191 402 244
person 412 198 435 237
person 466 238 486 264
person 469 196 487 238
person 494 238 528 263
person 496 301 517 320
person 506 175 522 218
person 517 173 534 214
person 524 217 554 259
person 533 178 556 220
person 609 245 648 320
person 642 285 673 320
person 672 282 715 320
person 682 212 712 272
person 704 168 718 193
person 720 193 736 241
person 745 189 765 246
person 845 179 858 205
person 887 192 899 213
person 908 191 919 222
person 909 269 951 320
person 917 191 931 223
person 949 248 976 320
person 971 258 997 320
person 994 251 1016 320
car 0 241 27 290
car 0 212 35 250
car 2 148 70 173
car 15 170 119 193
car 30 118 74 141
car 110 154 138 174
car 215 170 256 189
car 256 187 382 228
car 341 169 462 217
car 672 254 910 320
