person 204 577 247 682
person 250 587 273 682
person 275 589 305 682
person 334 585 355 680
person 346 582 366 654
person 364 594 376 678
person 375 583 398 682
person 414 582 433 630
person 435 582 451 626
person 458 580 487 682
person 501 572 517 631
person 519 585 528 590
person 533 579 570 678
person 576 583 597 678
person 595 582 634 682
person 709 587 728 682
person 760 595 775 677
person 775 594 789 682
person 798 589 810 682
person 812 587 830 678
person 833 603 848 680
person 851 610 871 682
person 874 587 894 680
person 901 591 928 682
person 931 588 940 680
person 954 602 972 678
car 0 556 160 682
