person 0 94 32 243
person 24 87 70 234
person 65 103 88 170
person 80 99 117 169
person 89 87 136 210
person 95 99 159 216
person 129 94 180 174
person 138 138 171 208
person 160 78 209 216
person 184 65 263 225
person 266 77 325 254
person 330 83 376 207
person 364 86 403 197
person 369 74 398 108
person 396 71 454 236
person 435 101 503 279
person 494 72 549 266
person 542 85 583 250
person 579 85 643 275
person 618 101 656 176
person 642 83 721 288
person 721 81 771 272
person 734 97 750 122
person 780 57 849 356
person 792 80 819 116
person 846 77 891 185
person 876 67 936 192
person 890 43 992 392
person 960 71 1009 129
person 981 66 1023 266
car 0 354 103 679
car 41 200 953 500
