person 0 423 4 451
person 10 423 18 457
person 88 408 121 476
person 126 394 195 476
person 211 418 234 472
person 239 402 300 484
person 242 413 254 433
person 287 405 330 488
person 324 423 360 508
person 348 418 415 546
person 401 408 428 485
person 406 413 450 557
person 461 408 488 496
person 501 404 601 581
person 516 411 530 442
person 546 414 585 551
person 567 387 646 624
person 622 414 649 472
person 631 397 744 600
person 657 375 747 569
person 766 421 774 460
person 778 423 791 453
person 797 381 900 597
person 836 375 905 587
person 890 413 897 474
person 912 413 938 454
person 936 408 949 430
person 938 387 1023 594
car 0 477 457 689
car 170 425 243 465
