person 165 349 225 498
car 496 359 782 523
person 250 335 266 381
person 267 331 287 373
person 387 348 413 377
person 472 346 488 364
person 517 342 542 385
person 552 332 570 356
person 564 361 600 419
person 573 338 588 358
person 598 335 611 387
person 652 388 688 422
person 725 343 745 397
person 741 343 762 411
person 773 332 784 358
car 10 356 157 460
car 133 333 240 413
car 634 336 653 354
car 666 339 692 366
car 722 335 744 348
car 944 346 998 383
car 1003 335 1022 376
