car 67 146 986 645
person 0 105 29 194
person 18 126 59 221
person 63 121 89 195
person 69 99 98 125
person 76 151 106 265
person 87 98 110 126
person 92 123 143 230
person 147 112 174 181
person 156 110 188 171
person 168 128 199 191
person 172 145 215 186
person 185 111 206 142
person 192 124 216 150
person 213 103 238 153
person 220 149 248 192
person 280 128 304 175
person 294 135 324 175
person 323 146 337 169
person 325 106 348 137
person 338 110 357 167
person 368 125 389 164
person 388 126 412 160
person 403 124 421 162
person 421 124 439 160
person 470 133 496 162
person 475 137 508 164
person 512 128 525 160
person 563 133 584 158
person 565 125 588 161
person 593 133 620 185
person 609 147 647 194
person 620 136 642 171
person 640 139 663 186
person 656 140 676 186
person 670 136 692 185
person 685 127 717 181
person 692 149 726 217
person 704 166 784 319
person 716 119 747 191
person 739 146 762 183
person 743 112 777 150
person 762 146 793 195
person 771 135 794 166
person 787 135 805 195
person 793 133 823 233
person 803 114 827 153
person 827 123 847 141
person 842 139 880 245
person 846 111 871 158
person 864 121 897 167
person 873 132 923 260
person 895 123 923 136
person 920 125 933 161
person 931 128 967 267
person 947 110 977 145
person 965 151 1002 256
person 968 123 1013 157
person 997 133 1023 186
person 1011 128 1023 157
car 0 188 106 373
