person 488 324 562 498
car 0 385 384 552
person 7 290 36 350
person 42 302 65 337
person 48 283 74 328
person 92 274 119 336
person 150 319 180 376
person 172 299 224 378
person 245 307 266 360
person 281 272 298 333
person 296 276 325 329
person 353 362 430 524
person 376 306 421 401
person 428 230 529 302
person 430 296 472 397
person 495 302 546 372
person 550 295 576 455
person 591 263 634 338
person 636 338 717 417
person 647 235 670 272
person 671 300 727 363
person 702 237 717 281
person 722 306 764 385
person 743 277 773 349
person 750 256 766 281
person 775 269 793 353
person 814 244 830 271
person 836 224 848 267
person 948 297 988 328
car 888 255 954 269
