person 663 272 691 353
person 679 262 701 347
person 684 271 704 366
person 700 261 728 371
person 707 271 741 384
person 727 256 742 287
person 732 283 757 372
person 737 258 751 291
person 742 312 791 367
person 750 259 784 376
person 752 266 758 283
person 759 265 766 276
person 792 275 868 456
person 869 251 954 567
car 293 274 437 372
car 423 283 451 338
car 423 285 456 347
car 442 280 462 317
car 447 288 460 315
car 455 284 477 309
car 458 283 475 309
car 478 278 493 299
car 478 278 493 298
car 492 271 535 305
car 493 272 531 305
