car 753 455 1013 659
person 30 191 59 309
person 75 177 114 303
person 193 299 235 448
person 200 192 219 263
person 229 187 270 279
person 264 321 295 441
person 298 176 330 263
person 298 283 334 404
person 366 275 396 409
person 386 282 417 317
person 398 293 453 420
person 420 78 445 169
person 424 271 445 306
person 437 262 460 297
person 441 63 471 183
person 448 291 491 345
person 567 177 597 270
person 599 161 621 267
person 629 137 670 176
person 629 157 670 256
person 640 279 684 404
person 654 203 693 252
person 670 148 716 228
person 705 290 727 315
person 719 295 752 393
person 735 321 762 412
person 764 311 791 443
person 814 287 869 338
person 841 258 876 321
person 882 275 940 325
car 401 334 650 502
car 468 522 779 679
car 616 36 800 185
car 796 313 1023 535
car 834 1 994 64
car 974 323 1023 379
car 1012 85 1023 134
