person 1 53 30 123
person 26 43 133 233
person 111 30 148 155
person 143 46 184 143
person 186 38 227 131
person 216 58 289 131
person 307 51 374 123
person 357 26 392 117
person 390 32 421 126
person 444 47 476 122
person 470 47 492 133
person 498 48 538 153
person 530 31 581 164
person 543 23 644 258
person 661 49 691 147
person 670 128 792 296
person 704 48 731 96
person 735 51 753 105
person 764 53 789 100
person 795 115 860 254
person 796 109 839 206
person 800 57 839 112
person 830 53 865 112
person 839 116 933 285
person 868 59 912 160
person 895 57 919 158
person 920 51 944 151
person 949 63 977 164
person 968 58 1015 162
car 19 130 949 699
car 657 74 854 183
car 842 69 926 130
