person 817 418 875 574
car 261 473 524 682
person 3 328 92 382
person 97 351 171 428
person 228 355 389 488
person 237 316 291 381
person 280 282 299 335
person 315 319 335 381
person 343 311 366 361
person 352 325 378 382
person 381 330 409 396
person 394 407 426 478
person 400 324 410 350
person 407 332 428 411
person 426 423 466 506
person 439 340 469 414
person 451 303 474 350
person 475 448 506 535
person 481 350 577 454
person 494 262 532 329
person 497 487 541 615
person 503 430 538 494
person 528 469 565 578
person 574 489 646 567
person 593 375 693 509
person 611 459 666 550
person 619 549 643 576
person 698 503 758 649
person 717 394 754 515
person 753 396 799 530
person 765 541 869 744
person 888 414 949 480
person 894 423 965 602
person 897 663 1008 767
car 161 398 298 526
car 241 298 377 370
car 372 327 454 383
car 460 320 565 400
car 466 575 868 767
