person 855 242 940 455
car 257 285 854 725
person 26 248 78 316
person 76 264 236 692
person 83 244 172 506
person 210 235 281 346
person 215 291 313 687
person 247 177 355 408
person 293 235 353 443
person 395 224 426 278
person 433 231 445 274
person 479 337 601 443
person 543 242 616 370
person 627 248 678 305
person 709 236 750 307
person 738 247 779 307
person 750 248 841 409
person 956 256 999 359
car 5 211 259 436
car 324 236 457 362
car 433 205 561 301
car 632 235 701 297
