car 736 149 1023 337
person 113 83 215 321
person 179 97 277 258
person 319 132 355 162
person 453 1 480 98
person 489 11 500 46
person 500 13 517 49
person 514 14 528 98
person 530 19 542 92
person 539 158 555 181
person 540 118 592 201
person 547 21 570 103
person 589 136 620 186
person 598 39 620 110
person 791 135 829 198
person 820 126 863 190
person 874 135 906 176
person 990 131 1014 152
car 100 167 898 517
car 440 41 484 94
car 485 56 551 94
car 561 60 588 112
car 585 89 600 110
