person 32 113 49 154
person 56 110 99 201
person 99 116 134 204
person 138 117 165 189
person 171 120 187 185
person 179 112 203 193
person 210 116 237 192
person 269 106 328 259
person 357 147 386 252
person 407 154 427 263
person 487 112 530 252
person 527 104 569 248
person 584 88 656 291
person 861 83 981 347
person 947 309 1023 421
person 977 141 1023 311
car 71 127 944 784
car 318 130 425 183
car 679 154 711 188
car 691 172 707 192
car 730 163 759 193
car 769 148 899 221
car 780 183 831 215
