person 357 150 555 657
car 67 93 815 640
person 10 323 57 463
person 136 246 212 591
person 384 226 446 653
person 668 263 798 597
person 869 291 912 344
person 922 378 981 460
person 943 284 978 398
person 961 262 1023 401
car 0 0 83 46
car 0 143 158 215
car 98 4 223 48
car 170 140 274 204
car 220 9 336 54
car 336 10 448 55
car 432 114 488 128
car 454 12 567 60
car 529 108 663 172
car 570 4 712 59
car 657 98 803 168
car 705 13 821 62
car 801 88 942 158
car 817 15 926 59
car 929 19 1023 67
car 938 87 1023 136
