car 455 344 769 596
person 33 266 79 356
person 103 263 133 312
person 122 265 142 310
person 129 279 153 319
person 136 278 165 315
person 176 275 197 315
person 179 254 202 285
person 189 279 206 320
person 200 285 233 347
person 206 275 229 310
person 220 272 253 393
person 224 274 286 417
person 265 256 280 281
person 269 279 291 422
person 311 265 323 297
person 323 259 330 299
person 350 262 370 306
person 378 267 392 304
person 394 267 432 344
person 401 342 471 497
person 609 278 640 315
person 658 374 908 682
person 699 319 748 406
person 730 300 790 422
person 779 267 817 301
car 1 372 418 682
car 35 330 233 494
car 71 312 212 353
car 288 294 408 409
car 328 312 513 478
car 466 292 597 367
car 568 314 732 410
car 629 279 781 340
car 753 293 896 342
car 783 337 1023 449
car 807 410 1023 682
car 852 300 1020 351
car 991 343 1023 389
