person 0 461 19 511
person 15 449 39 504
person 35 456 72 559
person 64 460 90 554
person 72 454 85 480
person 98 461 138 551
person 120 451 136 487
person 140 477 204 639
person 190 476 238 641
person 394 469 440 602
person 401 445 420 496
person 417 437 433 491
person 439 465 485 602
person 449 450 478 488
person 463 523 563 682
person 469 447 483 502
person 471 442 488 479
person 474 447 503 515
person 602 455 661 598
person 659 440 677 483
person 663 433 678 476
person 669 472 719 542
person 673 436 695 485
person 694 465 739 536
person 875 453 909 547
person 892 439 926 545
car 137 461 341 522
car 637 481 1023 682
