person 801 60 935 547
car 58 140 824 634
person 0 105 9 140
person 5 105 71 226
person 18 90 47 112
person 54 71 98 116
person 55 85 81 171
person 76 76 106 213
person 85 48 186 212
person 188 46 274 194
person 263 85 294 169
person 273 74 316 192
person 337 107 352 126
person 370 105 379 115
person 373 105 387 128
person 388 90 425 199
person 453 114 468 122
person 488 110 503 126
person 505 110 512 123
person 520 93 538 201
person 536 60 584 140
person 666 48 739 186
person 669 81 684 97
person 798 86 824 137
person 856 101 910 205
person 952 89 1023 288
car 0 162 39 224
car 0 153 420 408
car 458 121 490 130
