person 879 60 1002 521
person 33 100 51 124
person 173 74 231 234
person 261 116 317 176
person 353 92 377 141
person 358 97 408 138
person 533 85 549 99
person 549 82 556 87
person 551 86 563 112
person 567 91 586 117
person 587 81 608 117
person 611 99 622 117
person 632 91 663 132
person 654 85 668 102
person 656 74 687 136
person 679 85 686 99
person 692 81 724 130
person 713 88 723 101
person 718 80 746 141
person 741 83 752 122
person 741 86 772 148
person 767 84 805 168
person 803 79 809 98
person 805 88 833 134
person 812 124 846 181
person 818 55 858 134
person 883 72 897 126
person 884 58 926 170
person 913 65 927 94
person 981 57 1023 106
person 1002 50 1023 61
car 0 451 206 574
car 0 159 730 560
car 206 138 859 378
car 355 111 459 154
car 433 73 855 219
