car 59 168 950 618
person 24 110 89 224
person 62 132 94 214
person 124 129 160 216
person 149 146 167 186
person 160 141 178 186
person 190 145 206 193
person 248 184 269 203
person 272 184 286 203
person 302 165 317 203
person 312 125 332 204
person 330 135 348 198
person 343 146 371 199
person 371 132 395 198
person 482 133 492 158
person 502 149 514 156
person 625 135 636 144
person 637 132 651 144
person 696 133 708 144
person 714 132 723 144
person 764 117 773 137
person 847 126 856 140
person 874 113 911 204
person 881 130 889 140
person 911 122 919 135
person 917 124 926 135
person 928 108 953 164
car 0 153 428 456
car 503 129 867 234
car 917 103 1023 235
