car 638 534 862 650
person 0 530 10 554
person 16 537 26 556
person 60 537 117 583
person 106 521 120 548
person 135 520 158 546
person 222 526 238 551
person 236 522 252 543
person 293 480 316 506
person 398 513 410 540
person 487 496 506 514
person 670 426 684 449
person 670 489 684 511
person 698 501 712 515
person 785 488 792 515
person 883 542 949 682
person 940 532 988 607
car 0 534 176 591
car 0 572 344 682
car 131 537 248 575
car 268 600 844 682
car 277 549 606 633
car 382 505 682 633
