person 0 444 39 477
person 50 410 69 440
person 54 436 88 473
person 121 416 141 490
person 163 423 215 539
person 300 392 344 515
person 390 415 417 512
person 430 436 448 535
person 436 391 468 503
person 469 405 508 472
person 480 452 513 513
person 508 405 540 499
person 513 419 584 518
person 592 392 637 478
person 657 383 689 497
person 782 408 821 504
person 842 399 866 469
person 862 390 897 467
person 902 392 929 485
person 942 388 976 486
person 993 400 1013 483
car 355 376 410 419
car 501 382 549 419
car 551 368 623 419
car 616 382 674 419
car 689 371 760 419
car 760 383 832 419
