person 0 121 58 343
person 37 133 84 300
person 83 151 112 267
person 102 158 113 220
person 113 165 160 296
person 202 153 234 219
person 222 155 258 208
person 255 151 275 203
person 277 152 288 169
person 286 151 297 198
person 288 148 330 207
person 317 152 326 167
person 323 158 334 176
person 347 156 363 181
person 361 157 368 172
person 363 153 386 178
person 378 156 391 173
person 389 156 402 170
person 398 153 426 176
person 416 156 426 170
person 439 158 446 176
person 444 157 451 172
person 447 160 458 176
person 455 126 515 224
person 458 154 463 165
person 497 156 513 194
person 506 153 520 191
person 515 145 547 206
person 542 160 554 191
person 551 162 558 191
person 560 160 566 191
person 565 160 574 192
person 600 156 624 231
person 608 149 656 235
person 634 148 658 213
person 654 150 667 213
person 659 131 702 226
person 698 154 709 171
person 721 137 730 156
person 738 135 748 160
person 762 145 766 158
person 776 166 802 270
person 787 150 827 284
person 813 140 842 275
person 896 142 906 154
person 904 157 1013 437
person 912 144 919 153
person 933 131 947 155
person 968 140 1023 361
car 30 260 924 530
car 103 216 752 360
car 152 174 589 295
