car 600 356 910 466
person 84 275 129 325
person 136 264 168 318
person 151 278 186 323
person 184 264 231 330
person 256 270 295 341
person 294 272 337 341
person 325 295 368 341
person 387 279 421 343
person 548 335 625 403
person 567 259 609 368
person 714 305 748 355
person 718 272 757 339
person 745 263 792 350
person 778 236 858 315
person 800 304 837 381
person 838 283 873 382
person 872 303 916 390
person 885 354 948 531
person 905 229 945 305
person 919 259 962 350
person 938 270 979 387
person 957 163 982 246
person 965 218 1012 316
person 992 151 1016 217
person 1009 138 1023 179
car 0 309 188 472
