person 229 436 342 753
person 0 111 39 327
person 13 94 59 189
person 25 0 78 65
person 30 221 154 454
person 87 156 173 250
person 110 210 192 345
person 144 296 199 384
person 152 0 194 48
person 186 145 242 340
person 218 145 288 303
person 242 44 276 112
person 277 314 341 391
person 341 456 464 767
person 384 364 515 659
person 389 14 424 111
person 419 44 499 120
person 424 51 492 87
person 464 144 508 186
person 500 106 556 185
person 503 159 549 222
person 513 160 553 204
person 563 107 619 202
person 565 144 615 251
person 620 115 669 232
person 681 63 707 216
person 695 289 800 525
person 725 67 784 209
person 785 81 817 210
person 799 113 840 221
person 803 449 890 681
person 805 232 906 478
person 832 133 890 248
person 858 304 952 463
person 885 128 938 308
person 952 365 1023 522
person 990 26 1023 81
person 998 165 1023 222
car 0 389 273 767
car 0 19 296 129
car 9 106 354 270
car 70 251 801 553
car 318 61 698 222
car 477 0 698 86
car 864 74 1023 156
car 881 102 1020 222
