car 709 86 814 166
person 0 222 56 329
person 33 220 51 251
person 141 285 202 351
person 209 211 241 245
person 240 196 282 242
person 282 288 341 353
person 462 233 508 349
person 513 237 561 349
person 551 230 566 256
person 551 234 592 353
person 582 237 620 347
person 776 222 857 343
person 787 224 858 331
person 863 201 923 290
person 873 190 922 302
person 960 213 1023 335
person 963 226 1023 317
person 1003 28 1023 105
car 19 255 468 568
car 112 162 241 260
car 359 15 460 90
car 567 210 689 314
car 912 181 1023 264
