person 247 359 302 514
person 291 405 336 520
person 316 371 366 504
person 376 381 440 504
person 382 368 439 490
person 437 359 494 529
person 487 367 515 486
person 494 367 544 511
person 542 369 585 506
person 569 376 599 488
person 589 380 616 479
person 611 373 656 511
person 625 364 661 443
person 758 377 794 459
person 800 364 837 486
person 860 369 919 495
person 905 374 952 472
person 929 381 988 490
car 0 383 94 431
car 0 387 203 500
car 159 366 375 501
car 657 387 801 504
