person 0 151 17 295
person 7 140 78 295
person 45 151 74 208
person 56 153 80 231
person 108 125 202 303
person 129 147 143 159
person 182 152 204 181
person 201 151 228 205
person 220 144 232 163
person 227 155 265 210
person 243 143 265 167
person 273 142 305 203
person 283 128 347 287
person 358 155 379 189
person 362 128 444 248
person 438 140 547 223
person 476 135 579 206
person 518 139 553 183
person 553 147 575 209
person 624 132 649 174
person 634 138 644 151
person 709 138 748 181
person 734 134 766 181
person 766 131 792 180
person 789 142 811 169
person 825 139 854 176
person 826 135 862 195
person 903 147 972 336
person 953 135 981 185
person 957 133 976 250
person 995 159 1016 185
car 0 287 253 490
car 129 214 977 554
car 180 207 300 299
car 424 161 479 194
car 540 139 625 195
car 599 191 860 283
car 703 181 908 269
car 963 234 1023 326
