person 27 399 234 651
person 78 236 141 288
person 132 319 248 478
person 229 147 266 277
person 245 113 267 157
person 248 172 301 310
person 351 179 405 318
person 814 217 862 428
person 885 220 969 457
car 193 96 218 106
car 266 101 314 120
car 342 108 400 151
car 366 94 411 109
car 372 96 411 130
car 406 100 424 125
car 418 94 468 111
car 480 82 504 96
car 490 88 526 104
car 517 85 535 92
car 535 78 549 87
car 548 95 571 117
car 592 78 606 87
car 618 78 638 88
car 652 122 738 162
car 914 82 958 100
