person 19 104 35 108
person 38 84 101 244
person 76 97 93 108
person 80 102 99 151
person 91 100 120 171
person 112 124 129 158
person 118 119 126 155
person 120 77 147 193
person 121 102 132 120
person 136 72 204 216
person 172 90 197 164
person 201 104 221 161
person 252 84 278 121
person 284 106 302 126
person 288 105 295 121
person 294 107 302 121
person 306 94 352 124
person 339 106 349 119
person 359 108 381 124
person 396 108 408 120
person 406 107 430 131
person 428 106 442 131
person 439 110 453 127
person 455 104 471 132
person 467 82 501 148
person 483 106 514 151
person 540 96 588 230
person 620 98 646 124
person 646 107 662 122
person 660 106 674 119
person 720 16 857 302
person 832 88 856 114
person 847 80 875 115
person 871 104 891 118
person 902 14 1023 409
person 909 100 933 148
person 915 102 932 133
car 0 108 98 228
car 117 110 248 189
car 125 144 963 649
car 350 106 403 122
car 417 128 519 149
car 581 94 740 255
car 695 148 1023 372
