person 21 325 74 411
person 34 322 113 518
person 134 329 165 363
person 167 329 198 360
person 208 342 227 502
person 210 322 284 544
person 272 333 311 376
person 324 322 373 379
person 373 338 405 384
person 412 347 488 564
person 418 343 448 386
person 490 345 518 453
person 515 339 542 465
person 567 335 573 345
person 569 342 586 468
person 581 328 605 451
person 611 335 635 451
person 620 337 663 492
person 663 347 690 426
person 686 342 712 402
person 705 340 729 386
person 728 347 743 365
person 733 362 752 374
person 736 329 749 349
person 744 348 755 363
person 754 342 779 373
person 762 333 773 353
person 776 332 799 372
person 784 352 812 374
person 807 334 821 351
person 816 349 839 379
person 819 334 830 354
person 846 347 861 367
person 862 349 885 363
person 867 330 883 344
car 622 369 903 561
car 841 359 956 481
car 897 340 1002 438
