person 48 357 121 588
person 97 351 183 577
person 137 305 168 389
person 161 384 288 677
person 165 302 188 365
person 169 334 217 382
person 173 358 215 438
person 288 392 369 663
person 321 369 359 432
person 355 338 387 394
person 400 385 484 638
person 527 369 607 625
person 543 336 601 416
person 597 310 660 411
person 648 396 725 638
person 677 315 745 401
person 731 369 821 428
person 845 375 937 629
person 959 340 1023 541
car 458 286 606 358
car 815 335 1004 456
car 848 307 931 335
car 883 287 978 323
car 915 291 1023 334
car 967 320 1023 370
