person 13 0 65 152
person 44 0 168 251
person 213 4 256 183
person 247 0 311 215
person 350 0 407 198
person 417 28 482 169
person 421 0 457 115
person 458 4 488 148
person 476 0 538 176
person 517 0 574 128
person 570 0 617 126
person 642 0 696 105
person 700 56 736 143
person 721 19 788 118
person 778 34 814 123
person 802 4 858 127
person 844 0 923 176
person 945 1 1023 220
car 0 50 38 131
car 0 187 147 382
car 118 58 338 146
car 184 105 967 644
car 343 53 487 146
car 570 45 704 137
car 906 58 942 74
