person 210 501 299 538
person 284 509 315 627
person 304 501 333 611
person 333 506 357 609
person 350 500 371 595
person 375 499 385 522
person 388 500 396 520
person 404 515 434 592
person 437 512 465 591
person 509 216 554 282
person 538 515 543 525
person 543 512 555 545
person 608 506 624 545
person 625 508 650 549
person 669 512 699 580
person 673 491 711 591
person 709 518 723 591
person 795 488 872 639
person 798 497 856 641
person 848 501 875 549
person 871 504 903 588
person 915 513 946 580
car 0 522 62 599
car 124 518 224 574
car 256 518 342 577
car 551 507 565 530
