person 42 435 94 627
person 90 439 150 636
person 131 311 158 373
person 136 435 180 548
person 144 502 221 690
person 252 422 309 602
person 328 405 375 505
person 366 376 400 439
person 373 439 412 602
person 417 425 462 602
person 444 565 541 690
person 717 229 735 293
person 744 215 764 274
person 806 246 823 311
person 812 459 872 627
person 833 248 855 309
person 835 394 880 477
person 883 239 906 295
person 923 450 968 619
person 933 476 1014 676
person 936 403 993 497
car 547 208 652 278
car 561 259 697 332
car 787 321 1018 435
car 860 173 986 224
car 892 250 1015 326
