car 75 224 997 618
person 0 194 31 257
person 3 188 16 216
person 23 199 44 232
person 101 177 124 197
person 184 176 239 267
person 251 169 304 346
person 304 173 332 286
person 330 176 364 279
person 502 168 523 220
person 601 171 617 209
person 664 181 687 216
person 686 174 712 227
person 797 173 829 217
person 834 184 855 214
person 856 173 876 213
person 867 165 903 232
person 901 170 932 246
person 942 165 979 259
car 0 255 196 435
car 37 186 176 283
car 337 204 704 321
car 480 209 696 240
car 705 213 1023 344
car 913 190 1023 266
