person 223 418 238 442
person 233 431 266 521
person 254 426 266 443
person 265 427 296 520
person 298 426 342 570
person 316 417 335 435
person 325 432 356 554
person 342 417 362 459
person 353 430 369 540
person 366 437 385 558
person 373 423 424 561
person 376 419 391 438
person 382 432 438 581
person 424 433 455 554
person 432 417 469 448
person 460 425 503 575
person 484 425 505 540
person 512 430 538 544
person 524 426 579 576
person 983 418 1023 581
car 0 411 158 528
