car 224 441 413 567
person 0 414 56 575
person 10 373 47 436
person 21 426 63 520
person 103 412 142 536
person 152 424 170 481
person 169 419 190 480
person 181 423 203 504
person 200 415 231 512
person 229 425 245 487
person 239 417 266 488
person 283 294 333 428
person 327 412 344 442
person 343 376 364 445
person 359 421 370 444
person 373 416 385 454
person 380 423 398 470
person 438 419 446 433
person 464 415 512 550
person 468 420 476 432
person 474 299 515 421
person 490 417 503 436
person 555 389 570 425
person 645 413 704 575
person 679 208 687 221
person 679 276 687 288
person 688 426 769 575
person 696 240 704 251
person 696 275 705 284
person 696 350 707 364
person 709 204 718 216
person 711 237 723 250
person 711 272 723 286
person 726 272 734 283
person 731 204 739 217
person 741 240 747 251
person 748 275 756 286
person 764 417 856 575
person 935 414 969 446
person 969 412 995 448
person 991 412 1023 497
car 397 432 533 520
car 506 423 599 511
car 593 410 794 550
car 741 407 1023 542
