person 135 237 197 375
person 152 224 282 679
person 288 219 447 648
person 378 249 401 267
person 413 212 548 648
person 427 251 447 271
person 527 247 560 290
person 528 251 632 618
person 615 229 730 663
person 616 259 659 310
person 687 258 712 276
person 698 246 721 280
person 714 214 835 684
person 740 255 762 275
person 803 265 822 276
person 938 265 973 360
car 0 227 27 280
car 0 331 55 470
car 30 240 51 280
car 55 243 109 278
car 103 267 204 346
car 103 272 475 557
car 641 278 1023 585
car 881 260 977 288
car 965 330 1020 414
car 969 272 1023 303
