car 510 381 833 577
person 8 320 24 363
person 26 320 44 378
person 34 323 70 441
person 70 328 79 352
person 87 326 103 361
person 87 332 119 438
person 104 336 152 471
person 130 328 149 360
person 150 326 174 369
person 154 333 181 369
person 155 340 206 462
person 194 335 226 441
person 213 328 239 433
person 238 335 285 458
person 285 345 321 458
person 334 339 369 458
person 368 351 416 476
person 423 340 462 449
person 451 352 497 470
person 492 342 522 452
person 506 347 542 440
person 533 344 561 410
person 554 354 591 395
person 580 344 606 389
person 599 347 614 370
person 718 355 769 426
person 774 356 805 438
