person 479 532 538 666
car 8 522 248 669
person 23 513 74 553
person 60 482 144 669
person 213 538 236 587
person 239 508 289 646
person 303 538 339 645
person 304 541 327 648
person 344 524 385 644
person 401 569 428 626
person 418 578 434 610
person 438 566 458 632
person 526 522 563 654
person 572 504 622 662
person 648 527 697 657
person 712 532 753 659
person 755 557 782 634
person 787 564 812 638
person 846 570 871 632
person 954 573 972 644
person 970 486 1023 681
car 535 543 652 635
car 803 589 834 615
car 844 578 901 620
