person 366 507 423 638
person 3 216 26 258
person 26 197 40 241
person 62 188 82 220
person 87 435 140 526
person 156 165 172 200
person 177 394 218 481
person 230 371 262 453
person 264 337 281 405
person 369 379 407 468
person 387 223 401 273
person 414 232 437 273
person 432 206 444 234
person 444 225 464 267
person 529 399 571 493
person 583 212 593 241
person 603 211 624 241
person 613 408 650 501
person 618 186 628 212
person 643 389 668 481
person 675 394 691 490
person 686 234 698 263
person 701 398 738 488
person 708 234 727 286
person 717 437 762 536
person 760 227 776 267
person 784 222 796 266
person 806 398 839 494
car 423 275 599 344
car 443 124 499 145
car 527 126 583 150
car 762 284 940 351
