person 640 54 884 679
car 217 124 932 663
person 19 101 30 118
person 114 95 136 158
person 290 503 364 535
person 359 435 398 487
person 449 434 584 566
person 462 92 551 350
person 533 555 561 624
person 578 542 608 621
car 1 116 91 173
car 72 117 117 163
car 106 117 143 144
car 128 102 154 122
car 131 118 197 161
car 181 88 199 102
car 187 106 218 133
car 197 86 207 95
car 210 96 240 120
car 229 90 259 109
car 238 81 247 91
car 240 113 327 148
car 251 88 260 99
car 271 94 293 116
car 274 86 283 91
car 282 79 290 88
car 285 91 303 107
car 299 90 312 102
car 312 101 331 118
car 326 103 341 118
car 326 128 552 286
car 330 116 387 162
car 337 102 364 122
car 465 90 643 245
car 593 124 681 158
car 641 142 1022 318
