person 0 298 46 439
person 23 303 86 440
person 78 196 96 240
person 100 316 163 476
person 120 164 135 221
person 151 283 193 438
person 162 293 211 424
person 177 341 252 465
person 259 259 360 378
person 268 169 289 227
person 284 190 307 259
person 307 190 333 264
person 334 173 360 246
person 371 170 376 214
person 432 176 447 234
person 461 167 483 231
person 488 165 510 229
person 519 161 539 224
person 540 159 549 201
person 556 151 575 209
person 617 144 636 202
person 643 149 664 202
person 669 169 690 205
person 674 295 731 475
person 706 165 726 206
person 721 161 731 199
person 780 122 787 148
person 796 115 810 151
person 928 161 949 222
person 951 165 965 230
car 546 268 795 378
car 560 243 775 302
car 726 284 960 435
car 959 224 1023 292
