car 0 502 204 674
person 46 468 80 534
person 62 464 91 540
person 95 491 120 544
person 96 465 167 552
person 138 477 180 565
person 186 491 221 591
person 241 474 263 584
person 437 482 451 534
person 449 486 478 525
person 648 476 672 529
person 659 472 684 548
person 676 481 695 530
person 686 488 717 548
person 697 477 720 532
person 720 469 747 546
person 736 461 791 581
person 776 480 841 641
person 815 469 880 642
car 560 482 582 504
car 584 468 662 559
car 990 455 1023 566
