person 81 462 121 517
person 124 477 167 515
person 200 424 234 512
person 237 506 288 611
person 241 541 355 760
person 291 485 337 575
person 300 439 312 483
person 339 446 348 474
person 355 483 397 638
person 374 437 387 476
person 538 452 559 543
person 574 486 608 615
person 584 455 616 524
person 618 451 659 572
person 654 490 703 628
person 792 449 832 526
car 0 444 98 508
car 170 428 222 448
car 340 434 403 460
car 832 448 923 496
car 951 428 1011 456
car 991 438 1023 468
