car 228 407 545 626
person 30 606 234 767
person 84 371 117 429
person 110 363 136 424
person 128 401 146 469
person 165 366 184 465
person 167 362 199 468
person 183 397 256 472
person 277 476 441 767
person 553 339 590 392
person 611 390 645 459
person 614 391 632 421
person 780 504 862 573
person 796 437 838 520
person 796 365 944 556
person 805 377 831 449
person 879 376 919 483
person 968 396 1006 504
car 0 377 136 576
car 503 389 648 516
car 606 376 712 460
car 700 377 757 443
car 753 378 798 442
