person 0 0 99 459
person 49 74 161 199
person 120 64 195 293
person 177 82 197 104
person 184 85 234 278
person 215 73 251 206
person 300 91 405 340
person 314 96 384 256
person 369 131 672 662
person 385 89 419 187
person 416 100 488 214
person 492 71 544 142
person 524 95 613 339
person 612 78 695 296
person 620 82 652 128
person 680 90 744 267
person 728 83 818 304
person 732 115 818 340
car 200 82 318 199
car 419 94 515 194
car 606 113 697 205
car 813 121 919 203
car 940 123 1023 209
