person 145 305 188 416
person 214 328 308 526
person 219 336 485 543
person 321 313 359 371
person 378 336 512 535
person 399 371 534 531
person 488 362 606 543
person 533 376 698 549
person 599 363 689 540
person 653 345 769 545
person 728 293 810 529
person 732 360 863 563
person 766 367 899 545
person 972 355 1023 609
car 0 311 92 373
car 65 314 143 373
car 139 311 206 366
car 300 319 398 364
car 387 317 434 337
car 485 318 586 369
car 487 304 572 343
car 569 312 613 352
car 718 320 729 344
car 834 316 883 333
car 894 307 943 352
car 929 307 998 367
