person 0 142 35 196
person 0 143 39 242
person 0 132 118 282
person 87 153 139 184
person 148 149 180 186
person 211 138 249 205
person 250 133 299 173
person 303 139 335 170
person 307 179 353 232
person 335 138 368 196
person 357 136 384 186
person 393 143 438 176
person 426 126 472 237
person 463 115 504 248
person 631 172 652 197
person 648 151 663 179
person 691 124 794 202
person 737 160 784 205
person 744 124 791 192
person 828 138 863 180
car 0 159 322 278
car 0 196 565 509
car 780 153 867 237
car 915 151 1023 243
