car 38 205 926 707
person 0 176 43 214
person 12 76 32 109
person 16 69 53 117
person 22 165 46 215
person 51 71 65 117
person 58 71 72 108
person 78 176 105 244
person 84 72 92 108
person 93 76 105 110
person 109 172 113 199
person 115 168 122 204
person 154 158 184 235
person 265 177 281 194
person 284 177 306 193
person 356 179 380 202
person 383 178 401 203
person 421 172 444 199
person 442 173 467 203
person 583 159 604 181
person 593 167 600 177
person 630 163 643 184
person 816 167 824 186
person 826 172 833 187
person 852 163 900 225
person 878 159 913 245
person 980 166 1020 278
car 0 196 109 381
car 0 504 172 767
car 488 173 1023 469
car 744 172 852 207
car 894 195 1023 274
car 912 183 983 221
