person 71 598 155 750
person 78 606 127 727
person 97 602 176 748
person 139 598 193 726
person 183 600 250 730
person 220 603 249 723
person 228 598 266 674
person 253 664 264 690
person 275 587 318 743
person 315 629 365 741
person 343 579 419 763
person 356 598 432 751
person 413 591 440 684
person 430 595 511 746
person 438 591 480 734
person 467 590 495 697
person 470 598 551 759
person 520 613 548 654
person 551 596 585 744
person 565 603 582 739
person 582 618 600 706
person 613 623 675 743
person 650 602 722 739
person 774 600 820 686
person 782 616 815 684
person 814 598 840 681
person 836 596 878 677
person 864 608 892 675
person 956 599 980 659
person 976 604 988 634
car 741 602 1023 767
