person 0 312 27 410
person 10 308 57 408
person 51 311 85 356
person 267 310 316 376
person 302 317 344 381
person 537 313 558 374
person 557 313 574 377
person 587 397 645 430
person 588 312 615 371
person 617 312 638 367
person 640 320 676 370
person 671 308 696 367
person 698 308 721 366
person 827 408 911 588
person 871 313 881 334
person 880 416 954 604
person 885 315 894 333
person 903 360 958 408
person 904 316 914 334
person 981 423 1023 607
car 373 363 898 563
car 843 321 932 366
