person 42 430 104 641
person 90 439 147 645
person 135 312 164 374
person 138 435 181 544
person 144 501 221 690
person 251 426 309 610
person 321 405 378 505
person 365 376 394 450
person 374 435 417 610
person 414 426 476 609
person 448 564 544 690
person 718 232 735 294
person 741 216 768 282
person 811 252 826 312
person 815 459 882 619
person 833 243 860 312
person 839 390 878 508
person 886 238 915 307
person 931 461 1023 673
person 933 456 990 624
person 941 401 987 475
car 572 259 699 335
car 792 323 1006 430
