person 257 330 307 467
person 19 311 83 426
person 84 294 112 390
person 120 296 153 392
person 154 277 172 367
person 174 280 206 360
person 209 300 239 403
person 225 319 263 433
person 328 330 373 449
person 378 340 416 465
person 459 318 500 469
person 472 331 514 468
person 517 362 579 510
person 532 337 577 494
person 582 331 606 468
person 601 323 650 458
person 652 317 691 438
person 705 313 737 417
person 755 408 806 613
person 759 312 789 359
person 775 300 812 350
person 784 374 832 445
person 805 410 861 494
person 816 276 834 337
person 824 349 858 441
person 835 281 858 322
person 857 386 1012 477
person 907 499 983 569
person 911 364 943 476
person 936 350 984 458
person 942 391 992 470
person 980 395 1022 474
person 993 327 1022 376
person 997 357 1022 418
car 724 312 1000 432
car 774 467 1022 668
