person 0 569 43 644
person 0 591 49 680
person 121 542 212 680
person 159 622 250 680
person 239 352 273 390
person 278 334 321 391
person 324 530 393 680
person 385 463 444 539
person 402 369 443 409
person 558 303 593 409
person 588 246 617 316
person 590 304 628 416
person 594 288 624 324
person 619 312 657 409
person 656 336 700 450
person 739 372 814 496
person 766 423 825 577
person 815 440 887 616
person 984 328 1022 412
person 990 399 1022 479
car 98 371 621 619
car 560 162 613 186
car 701 218 856 348
