person 707 246 803 542
person 0 341 99 640
person 45 197 102 274
person 92 179 183 426
person 94 328 165 618
person 101 110 179 218
person 149 165 187 401
person 174 139 218 382
person 197 417 320 680
person 215 264 312 504
person 217 262 291 341
person 222 161 281 292
person 236 14 349 85
person 295 142 372 280
person 335 288 430 413
person 351 92 408 323
person 512 19 568 224
person 556 145 645 247
person 606 137 698 261
person 620 59 665 157
person 671 56 775 173
person 725 1 779 51
person 779 3 858 148
person 899 40 976 249
person 920 40 977 229
person 947 0 1005 74
person 983 38 1023 243
car 228 393 584 677
car 325 284 658 518
car 678 93 945 263
car 742 15 943 168
