person 7 427 103 540
person 10 396 60 470
person 56 433 140 707
person 69 394 115 474
person 83 428 227 740
person 126 392 149 420
person 154 399 183 436
person 158 402 231 548
person 186 394 250 537
person 197 393 216 428
person 293 388 307 406
person 346 381 364 402
person 544 440 588 477
person 625 389 657 417
person 666 384 682 411
person 698 380 721 431
person 709 385 737 436
person 736 394 787 450
person 878 375 963 536
person 942 376 986 481
car 161 399 252 441
car 250 395 339 483
car 272 387 544 527
car 305 411 849 588
car 487 372 568 437
car 547 381 666 441
car 711 396 920 516
