person 137 593 202 767
person 211 618 284 767
person 257 588 327 767
person 330 542 403 704
person 348 642 431 767
person 387 547 465 762
person 408 520 448 595
person 514 580 570 767
person 559 621 617 765
person 586 668 654 767
person 591 407 640 565
person 596 579 656 752
person 673 306 725 436
person 705 277 746 401
person 734 590 814 767
person 748 314 800 457
person 797 574 862 765
person 894 348 940 449
person 924 251 977 416
person 924 632 1002 767
car 699 60 782 126
car 908 46 1014 119
