person 0 192 28 579
person 0 217 97 528
person 46 222 117 491
person 99 192 195 310
person 149 181 225 302
person 220 195 292 280
person 280 191 339 263
person 341 179 387 245
person 386 189 419 243
person 408 192 447 235
person 443 205 456 229
person 462 197 496 229
person 498 195 523 229
person 506 117 625 561
person 517 154 538 180
person 540 141 574 192
person 624 134 763 564
person 746 181 826 314
person 818 171 889 315
person 880 176 942 334
person 920 191 982 427
person 954 183 1007 434
person 986 171 1023 443
car 89 227 959 552
